10000.0
4545.454545454546
3030.30303030303
2272.727272727273
1754.3859649122805
1298.7012987012986
1123.5955056179776
980.3921568627451
862.0689655172414
746.2686567164178
740.7407407407408
699.3006993006993
684.9315068493152
649.3506493506493
645.1612903225806
684.9315068493152
689.6551724137931
666.6666666666666
675.6756756756757
704.225352112676
671.1409395973154
680.2721088435374
724.6376811594204
746.2686567164178
740.7407407407408
735.2941176470589
729.92700729927
694.4444444444443
662.2516556291391
689.6551724137931
719.4244604316547
735.2941176470589
714.2857142857143
699.3006993006993
704.225352112676
746.2686567164178
787.4015748031496
833.3333333333334
793.6507936507937
757.5757575757575
719.4244604316547
709.2198581560284
689.6551724137931
666.6666666666666
641.0256410256411
617.283950617284
598.8023952095808
